# 9-point isotropic stencil, Laplace equation on unit square
# BC: u = 4*x*(1-x) on top edge (y=1); u = 0 elsewhere
# Columns: x   y   u_numerical   u_exact
#
   0.000000E+00   0.000000E+00   0.000000E+00   0.000000E+00
   4.761905E-02   0.000000E+00   0.000000E+00   0.000000E+00
   9.523810E-02   0.000000E+00   0.000000E+00   0.000000E+00
   1.428571E-01   0.000000E+00   0.000000E+00   0.000000E+00
   1.904762E-01   0.000000E+00   0.000000E+00   0.000000E+00
   2.380952E-01   0.000000E+00   0.000000E+00   0.000000E+00
   2.857143E-01   0.000000E+00   0.000000E+00   0.000000E+00
   3.333333E-01   0.000000E+00   0.000000E+00   0.000000E+00
   3.809524E-01   0.000000E+00   0.000000E+00   0.000000E+00
   4.285714E-01   0.000000E+00   0.000000E+00   0.000000E+00
   4.761905E-01   0.000000E+00   0.000000E+00   0.000000E+00
   5.238095E-01   0.000000E+00   0.000000E+00   0.000000E+00
   5.714286E-01   0.000000E+00   0.000000E+00   0.000000E+00
   6.190476E-01   0.000000E+00   0.000000E+00   0.000000E+00
   6.666667E-01   0.000000E+00   0.000000E+00   0.000000E+00
   7.142857E-01   0.000000E+00   0.000000E+00   0.000000E+00
   7.619048E-01   0.000000E+00   0.000000E+00   0.000000E+00
   8.095238E-01   0.000000E+00   0.000000E+00   0.000000E+00
   8.571429E-01   0.000000E+00   0.000000E+00   0.000000E+00
   9.047619E-01   0.000000E+00   0.000000E+00   0.000000E+00
   9.523810E-01   0.000000E+00   0.000000E+00   0.000000E+00
   1.000000E+00   0.000000E+00   0.000000E+00   0.000000E+00

   0.000000E+00   4.761905E-02   0.000000E+00   0.000000E+00
   4.761905E-02   4.761905E-02   2.001214E-03   2.001218E-03
   9.523810E-02   4.761905E-02   3.957505E-03   3.957514E-03
   1.428571E-01   4.761905E-02   5.824998E-03   5.825010E-03
   1.904762E-01   4.761905E-02   7.561878E-03   7.561895E-03
   2.380952E-01   4.761905E-02   9.129349E-03   9.129368E-03
   2.857143E-01   4.761905E-02   1.049249E-02   1.049251E-02
   3.333333E-01   4.761905E-02   1.162103E-02   1.162106E-02
   3.809524E-01   4.761905E-02   1.248998E-02   1.249001E-02
   4.285714E-01   4.761905E-02   1.308014E-02   1.308017E-02
   4.761905E-01   4.761905E-02   1.337850E-02   1.337853E-02
   5.238095E-01   4.761905E-02   1.337850E-02   1.337853E-02
   5.714286E-01   4.761905E-02   1.308014E-02   1.308017E-02
   6.190476E-01   4.761905E-02   1.248998E-02   1.249001E-02
   6.666667E-01   4.761905E-02   1.162103E-02   1.162106E-02
   7.142857E-01   4.761905E-02   1.049249E-02   1.049251E-02
   7.619048E-01   4.761905E-02   9.129349E-03   9.129368E-03
   8.095238E-01   4.761905E-02   7.561878E-03   7.561895E-03
   8.571429E-01   4.761905E-02   5.824998E-03   5.825010E-03
   9.047619E-01   4.761905E-02   3.957505E-03   3.957514E-03
   9.523810E-01   4.761905E-02   2.001214E-03   2.001218E-03
   1.000000E+00   4.761905E-02   0.000000E+00   1.644387E-18

   0.000000E+00   9.523810E-02   0.000000E+00   0.000000E+00
   4.761905E-02   9.523810E-02   4.047526E-03   4.047535E-03
   9.523810E-02   9.523810E-02   8.004154E-03   8.004171E-03
   1.428571E-01   9.523810E-02   1.178111E-02   1.178114E-02
   1.904762E-01   9.523810E-02   1.529382E-02   1.529385E-02
   2.380952E-01   9.523810E-02   1.846380E-02   1.846384E-02
   2.857143E-01   9.523810E-02   2.122047E-02   2.122051E-02
   3.333333E-01   9.523810E-02   2.350263E-02   2.350268E-02
   3.809524E-01   9.523810E-02   2.525978E-02   2.525983E-02
   4.285714E-01   9.523810E-02   2.645315E-02   2.645321E-02
   4.761905E-01   9.523810E-02   2.705647E-02   2.705653E-02
   5.238095E-01   9.523810E-02   2.705647E-02   2.705653E-02
   5.714286E-01   9.523810E-02   2.645315E-02   2.645321E-02
   6.190476E-01   9.523810E-02   2.525978E-02   2.525983E-02
   6.666667E-01   9.523810E-02   2.350263E-02   2.350268E-02
   7.142857E-01   9.523810E-02   2.122047E-02   2.122051E-02
   7.619048E-01   9.523810E-02   1.846380E-02   1.846384E-02
   8.095238E-01   9.523810E-02   1.529382E-02   1.529385E-02
   8.571429E-01   9.523810E-02   1.178111E-02   1.178114E-02
   9.047619E-01   9.523810E-02   8.004154E-03   8.004171E-03
   9.523810E-01   9.523810E-02   4.047526E-03   4.047535E-03
   1.000000E+00   9.523810E-02   0.000000E+00   3.325837E-18

   0.000000E+00   1.428571E-01   0.000000E+00   0.000000E+00
   4.761905E-02   1.428571E-01   6.185092E-03   6.185106E-03
   9.523810E-02   1.428571E-01   1.223117E-02   1.223120E-02
   1.428571E-01   1.428571E-01   1.800251E-02   1.800254E-02
   1.904762E-01   1.428571E-01   2.336979E-02   2.336984E-02
   2.380952E-01   1.428571E-01   2.821315E-02   2.821321E-02
   2.857143E-01   1.428571E-01   3.242475E-02   3.242481E-02
   3.333333E-01   1.428571E-01   3.591120E-02   3.591127E-02
   3.809524E-01   1.428571E-01   3.859545E-02   3.859553E-02
   4.285714E-01   1.428571E-01   4.041840E-02   4.041848E-02
   4.761905E-01   1.428571E-01   4.133998E-02   4.134006E-02
   5.238095E-01   1.428571E-01   4.133998E-02   4.134006E-02
   5.714286E-01   1.428571E-01   4.041840E-02   4.041848E-02
   6.190476E-01   1.428571E-01   3.859545E-02   3.859553E-02
   6.666667E-01   1.428571E-01   3.591120E-02   3.591127E-02
   7.142857E-01   1.428571E-01   3.242475E-02   3.242481E-02
   7.619048E-01   1.428571E-01   2.821315E-02   2.821321E-02
   8.095238E-01   1.428571E-01   2.336979E-02   2.336984E-02
   8.571429E-01   1.428571E-01   1.800251E-02   1.800254E-02
   9.047619E-01   1.428571E-01   1.223117E-02   1.223120E-02
   9.523810E-01   1.428571E-01   6.185092E-03   6.185106E-03
   1.000000E+00   1.428571E-01   0.000000E+00   5.082283E-18

   0.000000E+00   1.904762E-01   0.000000E+00   0.000000E+00
   4.761905E-02   1.904762E-01   8.462219E-03   8.462238E-03
   9.523810E-02   1.904762E-01   1.673402E-02   1.673406E-02
   1.428571E-01   1.904762E-01   2.462952E-02   2.462957E-02
   1.904762E-01   1.904762E-01   3.197173E-02   3.197180E-02
   2.380952E-01   1.904762E-01   3.859665E-02   3.859673E-02
   2.857143E-01   1.904762E-01   4.435691E-02   4.435701E-02
   3.333333E-01   1.904762E-01   4.912495E-02   4.912505E-02
   3.809524E-01   1.904762E-01   5.279563E-02   5.279574E-02
   4.285714E-01   1.904762E-01   5.528832E-02   5.528843E-02
   4.761905E-01   1.904762E-01   5.654844E-02   5.654855E-02
   5.238095E-01   1.904762E-01   5.654844E-02   5.654855E-02
   5.714286E-01   1.904762E-01   5.528832E-02   5.528843E-02
   6.190476E-01   1.904762E-01   5.279563E-02   5.279574E-02
   6.666667E-01   1.904762E-01   4.912495E-02   4.912505E-02
   7.142857E-01   1.904762E-01   4.435691E-02   4.435701E-02
   7.619048E-01   1.904762E-01   3.859665E-02   3.859673E-02
   8.095238E-01   1.904762E-01   3.197173E-02   3.197180E-02
   8.571429E-01   1.904762E-01   2.462952E-02   2.462957E-02
   9.047619E-01   1.904762E-01   1.673402E-02   1.673406E-02
   9.523810E-01   1.904762E-01   8.462219E-03   8.462238E-03
   1.000000E+00   1.904762E-01   0.000000E+00   6.953428E-18

   0.000000E+00   2.380952E-01   0.000000E+00   0.000000E+00
   4.761905E-02   2.380952E-01   1.093052E-02   1.093055E-02
   9.523810E-02   2.380952E-01   2.161466E-02   2.161471E-02
   1.428571E-01   2.380952E-01   3.181199E-02   3.181206E-02
   1.904762E-01   2.380952E-01   4.129374E-02   4.129383E-02
   2.380952E-01   2.380952E-01   4.984813E-02   4.984824E-02
   2.857143E-01   2.380952E-01   5.728506E-02   5.728518E-02
   3.333333E-01   2.380952E-01   6.344016E-02   6.344030E-02
   3.809524E-01   2.380952E-01   6.817815E-02   6.817829E-02
   4.285714E-01   2.380952E-01   7.139534E-02   7.139549E-02
   4.761905E-01   2.380952E-01   7.302162E-02   7.302177E-02
   5.238095E-01   2.380952E-01   7.302162E-02   7.302177E-02
   5.714286E-01   2.380952E-01   7.139534E-02   7.139549E-02
   6.190476E-01   2.380952E-01   6.817815E-02   6.817829E-02
   6.666667E-01   2.380952E-01   6.344016E-02   6.344030E-02
   7.142857E-01   2.380952E-01   5.728506E-02   5.728518E-02
   7.619048E-01   2.380952E-01   4.984813E-02   4.984824E-02
   8.095238E-01   2.380952E-01   4.129374E-02   4.129383E-02
   8.571429E-01   2.380952E-01   3.181199E-02   3.181206E-02
   9.047619E-01   2.380952E-01   2.161466E-02   2.161471E-02
   9.523810E-01   2.380952E-01   1.093052E-02   1.093055E-02
   1.000000E+00   2.380952E-01   0.000000E+00   8.981701E-18

   0.000000E+00   2.857143E-01   0.000000E+00   0.000000E+00
   4.761905E-02   2.857143E-01   1.364620E-02   1.364624E-02
   9.523810E-02   2.857143E-01   2.698408E-02   2.698414E-02
   1.428571E-01   2.857143E-01   3.971289E-02   3.971298E-02
   1.904762E-01   2.857143E-01   5.154676E-02   5.154687E-02
   2.380952E-01   2.857143E-01   6.222138E-02   6.222152E-02
   2.857143E-01   2.857143E-01   7.149989E-02   7.150004E-02
   3.333333E-01   2.857143E-01   7.917780E-02   7.917796E-02
   3.809524E-01   2.857143E-01   8.508706E-02   8.508723E-02
   4.285714E-01   2.857143E-01   8.909909E-02   8.909927E-02
   4.761905E-01   2.857143E-01   9.112699E-02   9.112718E-02
   5.238095E-01   2.857143E-01   9.112699E-02   9.112718E-02
   5.714286E-01   2.857143E-01   8.909909E-02   8.909927E-02
   6.190476E-01   2.857143E-01   8.508706E-02   8.508723E-02
   6.666667E-01   2.857143E-01   7.917780E-02   7.917796E-02
   7.142857E-01   2.857143E-01   7.149989E-02   7.150004E-02
   7.619048E-01   2.857143E-01   6.222138E-02   6.222152E-02
   8.095238E-01   2.857143E-01   5.154676E-02   5.154687E-02
   8.571429E-01   2.857143E-01   3.971289E-02   3.971298E-02
   9.047619E-01   2.857143E-01   2.698408E-02   2.698414E-02
   9.523810E-01   2.857143E-01   1.364620E-02   1.364624E-02
   1.000000E+00   2.857143E-01   0.000000E+00   1.121331E-17

   0.000000E+00   3.333333E-01   0.000000E+00   0.000000E+00
   4.761905E-02   3.333333E-01   1.667149E-02   1.667153E-02
   9.523810E-02   3.333333E-01   3.296506E-02   3.296513E-02
   1.428571E-01   3.333333E-01   4.851233E-02   4.851244E-02
   1.904762E-01   3.333333E-01   6.296362E-02   6.296376E-02
   2.380952E-01   3.333333E-01   7.599618E-02   7.599635E-02
   2.857143E-01   3.333333E-01   8.732140E-02   8.732159E-02
   3.333333E-01   3.333333E-01   9.669069E-02   9.669089E-02
   3.809524E-01   3.333333E-01   1.039002E-01   1.039004E-01
   4.285714E-01   3.333333E-01   1.087942E-01   1.087944E-01
   4.761905E-01   3.333333E-01   1.112676E-01   1.112678E-01
   5.238095E-01   3.333333E-01   1.112676E-01   1.112678E-01
   5.714286E-01   3.333333E-01   1.087942E-01   1.087944E-01
   6.190476E-01   3.333333E-01   1.039002E-01   1.039004E-01
   6.666667E-01   3.333333E-01   9.669069E-02   9.669089E-02
   7.142857E-01   3.333333E-01   8.732140E-02   8.732159E-02
   7.619048E-01   3.333333E-01   7.599618E-02   7.599635E-02
   8.095238E-01   3.333333E-01   6.296362E-02   6.296376E-02
   8.571429E-01   3.333333E-01   4.851233E-02   4.851244E-02
   9.047619E-01   3.333333E-01   3.296506E-02   3.296513E-02
   9.523810E-01   3.333333E-01   1.667149E-02   1.667153E-02
   1.000000E+00   3.333333E-01   0.000000E+00   1.369941E-17

   0.000000E+00   3.809524E-01   0.000000E+00   0.000000E+00
   4.761905E-02   3.809524E-01   2.007631E-02   2.007636E-02
   9.523810E-02   3.809524E-01   3.969546E-02   3.969556E-02
   1.428571E-01   3.809524E-01   5.841228E-02   5.841242E-02
   1.904762E-01   3.809524E-01   7.580492E-02   7.580510E-02
   2.380952E-01   3.809524E-01   9.148504E-02   9.148524E-02
   2.857143E-01   3.809524E-01   1.051063E-01   1.051066E-01
   3.333333E-01   3.809524E-01   1.163714E-01   1.163717E-01
   3.809524E-01   3.809524E-01   1.250372E-01   1.250375E-01
   4.285714E-01   3.809524E-01   1.309185E-01   1.309187E-01
   4.761905E-01   3.809524E-01   1.338905E-01   1.338907E-01
   5.238095E-01   3.809524E-01   1.338905E-01   1.338907E-01
   5.714286E-01   3.809524E-01   1.309185E-01   1.309187E-01
   6.190476E-01   3.809524E-01   1.250372E-01   1.250375E-01
   6.666667E-01   3.809524E-01   1.163714E-01   1.163717E-01
   7.142857E-01   3.809524E-01   1.051063E-01   1.051066E-01
   7.619048E-01   3.809524E-01   9.148504E-02   9.148524E-02
   8.095238E-01   3.809524E-01   7.580492E-02   7.580510E-02
   8.571429E-01   3.809524E-01   5.841228E-02   5.841242E-02
   9.047619E-01   3.809524E-01   3.969546E-02   3.969556E-02
   9.523810E-01   3.809524E-01   2.007631E-02   2.007636E-02
   1.000000E+00   3.809524E-01   0.000000E+00   1.649754E-17

   0.000000E+00   4.285714E-01   0.000000E+00   0.000000E+00
   4.761905E-02   4.285714E-01   2.394031E-02   2.394038E-02
   9.523810E-02   4.285714E-01   4.733212E-02   4.733224E-02
   1.428571E-01   4.285714E-01   6.964202E-02   6.964219E-02
   1.904762E-01   4.285714E-01   9.036582E-02   9.036603E-02
   2.380952E-01   4.285714E-01   1.090409E-01   1.090412E-01
   2.857143E-01   4.285714E-01   1.252565E-01   1.252568E-01
   3.333333E-01   4.285714E-01   1.386612E-01   1.386615E-01
   3.809524E-01   4.285714E-01   1.489689E-01   1.489692E-01
   4.285714E-01   4.285714E-01   1.559624E-01   1.559627E-01
   4.761905E-01   4.285714E-01   1.594958E-01   1.594961E-01
   5.238095E-01   4.285714E-01   1.594958E-01   1.594961E-01
   5.714286E-01   4.285714E-01   1.559624E-01   1.559627E-01
   6.190476E-01   4.285714E-01   1.489689E-01   1.489692E-01
   6.666667E-01   4.285714E-01   1.386612E-01   1.386615E-01
   7.142857E-01   4.285714E-01   1.252565E-01   1.252568E-01
   7.619048E-01   4.285714E-01   1.090409E-01   1.090412E-01
   8.095238E-01   4.285714E-01   9.036582E-02   9.036603E-02
   8.571429E-01   4.285714E-01   6.964202E-02   6.964219E-02
   9.047619E-01   4.285714E-01   4.733212E-02   4.733224E-02
   9.523810E-01   4.285714E-01   2.394031E-02   2.394038E-02
   1.000000E+00   4.285714E-01   0.000000E+00   1.967323E-17

   0.000000E+00   4.761905E-01   0.000000E+00   0.000000E+00
   4.761905E-02   4.761905E-01   2.835537E-02   2.835545E-02
   9.523810E-02   4.761905E-01   5.605562E-02   5.605577E-02
   1.428571E-01   4.761905E-01   8.246485E-02   8.246507E-02
   1.904762E-01   4.761905E-01   1.069841E-01   1.069844E-01
   2.380952E-01   4.761905E-01   1.290663E-01   1.290666E-01
   2.857143E-01   4.761905E-01   1.482284E-01   1.482288E-01
   3.333333E-01   4.761905E-01   1.640596E-01   1.640599E-01
   3.809524E-01   4.761905E-01   1.762268E-01   1.762271E-01
   4.285714E-01   4.761905E-01   1.844786E-01   1.844790E-01
   4.761905E-01   4.761905E-01   1.886467E-01   1.886471E-01
   5.238095E-01   4.761905E-01   1.886467E-01   1.886471E-01
   5.714286E-01   4.761905E-01   1.844786E-01   1.844790E-01
   6.190476E-01   4.761905E-01   1.762268E-01   1.762271E-01
   6.666667E-01   4.761905E-01   1.640596E-01   1.640599E-01
   7.142857E-01   4.761905E-01   1.482284E-01   1.482288E-01
   7.619048E-01   4.761905E-01   1.290663E-01   1.290666E-01
   8.095238E-01   4.761905E-01   1.069841E-01   1.069844E-01
   8.571429E-01   4.761905E-01   8.246485E-02   8.246507E-02
   9.047619E-01   4.761905E-01   5.605562E-02   5.605577E-02
   9.523810E-01   4.761905E-01   2.835537E-02   2.835545E-02
   1.000000E+00   4.761905E-01   0.000000E+00   2.330214E-17

   0.000000E+00   5.238095E-01   0.000000E+00   0.000000E+00
   4.761905E-02   5.238095E-01   3.342878E-02   3.342889E-02
   9.523810E-02   5.238095E-01   6.607637E-02   6.607657E-02
   1.428571E-01   5.238095E-01   9.718644E-02   9.718671E-02
   1.904762E-01   5.238095E-01   1.260501E-01   1.260504E-01
   2.380952E-01   5.238095E-01   1.520240E-01   1.520244E-01
   2.857143E-01   5.238095E-01   1.745444E-01   1.745448E-01
   3.333333E-01   5.238095E-01   1.931353E-01   1.931357E-01
   3.809524E-01   5.238095E-01   2.074139E-01   2.074143E-01
   4.285714E-01   5.238095E-01   2.170926E-01   2.170930E-01
   4.761905E-01   5.238095E-01   2.219798E-01   2.219802E-01
   5.238095E-01   5.238095E-01   2.219798E-01   2.219802E-01
   5.714286E-01   5.238095E-01   2.170926E-01   2.170930E-01
   6.190476E-01   5.238095E-01   2.074139E-01   2.074143E-01
   6.666667E-01   5.238095E-01   1.931353E-01   1.931357E-01
   7.142857E-01   5.238095E-01   1.745444E-01   1.745448E-01
   7.619048E-01   5.238095E-01   1.520240E-01   1.520244E-01
   8.095238E-01   5.238095E-01   1.260501E-01   1.260504E-01
   8.571429E-01   5.238095E-01   9.718644E-02   9.718671E-02
   9.047619E-01   5.238095E-01   6.607637E-02   6.607657E-02
   9.523810E-01   5.238095E-01   3.342878E-02   3.342889E-02
   1.000000E+00   5.238095E-01   0.000000E+00   2.747270E-17

   0.000000E+00   5.714286E-01   0.000000E+00   0.000000E+00
   4.761905E-02   5.714286E-01   3.928761E-02   3.928775E-02
   9.523810E-02   5.714286E-01   7.764265E-02   7.764291E-02
   1.428571E-01   5.714286E-01   1.141656E-01   1.141659E-01
   1.904762E-01   5.714286E-01   1.480190E-01   1.480194E-01
   2.380952E-01   5.714286E-01   1.784501E-01   1.784506E-01
   2.857143E-01   5.714286E-01   2.048055E-01   2.048059E-01
   3.333333E-01   5.714286E-01   2.265394E-01   2.265399E-01
   3.809524E-01   5.714286E-01   2.432170E-01   2.432174E-01
   4.285714E-01   5.714286E-01   2.545141E-01   2.545145E-01
   4.761905E-01   5.714286E-01   2.602160E-01   2.602165E-01
   5.238095E-01   5.714286E-01   2.602160E-01   2.602165E-01
   5.714286E-01   5.714286E-01   2.545141E-01   2.545145E-01
   6.190476E-01   5.714286E-01   2.432170E-01   2.432174E-01
   6.666667E-01   5.714286E-01   2.265394E-01   2.265399E-01
   7.142857E-01   5.714286E-01   2.048055E-01   2.048059E-01
   7.619048E-01   5.714286E-01   1.784501E-01   1.784506E-01
   8.095238E-01   5.714286E-01   1.480190E-01   1.480194E-01
   8.571429E-01   5.714286E-01   1.141656E-01   1.141659E-01
   9.047619E-01   5.714286E-01   7.764265E-02   7.764291E-02
   9.523810E-01   5.714286E-01   3.928761E-02   3.928775E-02
   1.000000E+00   5.714286E-01   0.000000E+00   3.228975E-17

   0.000000E+00   6.190476E-01   0.000000E+00   0.000000E+00
   4.761905E-02   6.190476E-01   4.608464E-02   4.608483E-02
   9.523810E-02   6.190476E-01   9.105158E-02   9.105193E-02
   1.428571E-01   6.190476E-01   1.338285E-01   1.338290E-01
   1.904762E-01   6.190476E-01   1.734271E-01   1.734276E-01
   2.380952E-01   6.190476E-01   2.089700E-01   2.089705E-01
   2.857143E-01   6.190476E-01   2.397065E-01   2.397071E-01
   3.333333E-01   6.190476E-01   2.650183E-01   2.650189E-01
   3.809524E-01   6.190476E-01   2.844187E-01   2.844192E-01
   4.285714E-01   6.190476E-01   2.975486E-01   2.975491E-01
   4.761905E-01   6.190476E-01   3.041720E-01   3.041725E-01
   5.238095E-01   6.190476E-01   3.041720E-01   3.041725E-01
   5.714286E-01   6.190476E-01   2.975486E-01   2.975491E-01
   6.190476E-01   6.190476E-01   2.844187E-01   2.844192E-01
   6.666667E-01   6.190476E-01   2.650183E-01   2.650189E-01
   7.142857E-01   6.190476E-01   2.397065E-01   2.397071E-01
   7.619048E-01   6.190476E-01   2.089700E-01   2.089705E-01
   8.095238E-01   6.190476E-01   1.734271E-01   1.734276E-01
   8.571429E-01   6.190476E-01   1.338285E-01   1.338290E-01
   9.047619E-01   6.190476E-01   9.105158E-02   9.105193E-02
   9.523810E-01   6.190476E-01   4.608464E-02   4.608483E-02
   1.000000E+00   6.190476E-01   0.000000E+00   3.787957E-17

   0.000000E+00   6.666667E-01   0.000000E+00   0.000000E+00
   4.761905E-02   6.666667E-01   5.400714E-02   5.400742E-02
   9.523810E-02   6.666667E-01   1.066648E-01   1.066653E-01
   1.428571E-01   6.666667E-01   1.566888E-01   1.566894E-01
   1.904762E-01   6.666667E-01   2.029122E-01   2.029129E-01
   2.380952E-01   6.666667E-01   2.443184E-01   2.443191E-01
   2.857143E-01   6.666667E-01   2.800543E-01   2.800549E-01
   3.333333E-01   6.666667E-01   3.094300E-01   3.094306E-01
   3.809524E-01   6.666667E-01   3.319114E-01   3.319119E-01
   4.285714E-01   6.666667E-01   3.471094E-01   3.471100E-01
   4.761905E-01   6.666667E-01   3.547708E-01   3.547714E-01
   5.238095E-01   6.666667E-01   3.547708E-01   3.547714E-01
   5.714286E-01   6.666667E-01   3.471094E-01   3.471100E-01
   6.190476E-01   6.666667E-01   3.319114E-01   3.319119E-01
   6.666667E-01   6.666667E-01   3.094300E-01   3.094306E-01
   7.142857E-01   6.666667E-01   2.800543E-01   2.800549E-01
   7.619048E-01   6.666667E-01   2.443184E-01   2.443191E-01
   8.095238E-01   6.666667E-01   2.029122E-01   2.029129E-01
   8.571429E-01   6.666667E-01   1.566888E-01   1.566894E-01
   9.047619E-01   6.666667E-01   1.066648E-01   1.066653E-01
   9.523810E-01   6.666667E-01   5.400714E-02   5.400742E-02
   1.000000E+00   6.666667E-01   0.000000E+00   4.439735E-17

   0.000000E+00   7.142857E-01   0.000000E+00   0.000000E+00
   4.761905E-02   7.142857E-01   6.329037E-02   6.329079E-02
   9.523810E-02   7.142857E-01   1.249319E-01   1.249327E-01
   1.428571E-01   7.142857E-01   1.833750E-01   1.833759E-01
   1.904762E-01   7.142857E-01   2.372421E-01   2.372431E-01
   2.380952E-01   7.142857E-01   2.853646E-01   2.853655E-01
   2.857143E-01   7.142857E-01   3.267882E-01   3.267890E-01
   3.333333E-01   7.142857E-01   3.607602E-01   3.607609E-01
   3.809524E-01   7.142857E-01   3.867099E-01   3.867105E-01
   4.285714E-01   7.142857E-01   4.042282E-01   4.042288E-01
   4.761905E-01   7.142857E-01   4.130518E-01   4.130523E-01
   5.238095E-01   7.142857E-01   4.130518E-01   4.130523E-01
   5.714286E-01   7.142857E-01   4.042282E-01   4.042288E-01
   6.190476E-01   7.142857E-01   3.867099E-01   3.867105E-01
   6.666667E-01   7.142857E-01   3.607602E-01   3.607609E-01
   7.142857E-01   7.142857E-01   3.267882E-01   3.267890E-01
   7.619048E-01   7.142857E-01   2.853646E-01   2.853655E-01
   8.095238E-01   7.142857E-01   2.372421E-01   2.372431E-01
   8.571429E-01   7.142857E-01   1.833750E-01   1.833759E-01
   9.047619E-01   7.142857E-01   1.249319E-01   1.249327E-01
   9.523810E-01   7.142857E-01   6.329037E-02   6.329079E-02
   1.000000E+00   7.142857E-01   0.000000E+00   5.203884E-17

   0.000000E+00   7.619048E-01   0.000000E+00   0.000000E+00
   4.761905E-02   7.619048E-01   7.423971E-02   7.424040E-02
   9.523810E-02   7.619048E-01   1.464274E-01   1.464285E-01
   1.428571E-01   7.619048E-01   2.146730E-01   2.146743E-01
   1.904762E-01   7.619048E-01   2.773530E-01   2.773542E-01
   2.380952E-01   7.619048E-01   3.331435E-01   3.331446E-01
   2.857143E-01   7.619048E-01   3.810039E-01   3.810048E-01
   3.333333E-01   7.619048E-01   4.201397E-01   4.201405E-01
   3.809524E-01   7.619048E-01   4.499639E-01   4.499646E-01
   4.285714E-01   7.619048E-01   4.700639E-01   4.700645E-01
   4.761905E-01   7.619048E-01   4.801776E-01   4.801781E-01
   5.238095E-01   7.619048E-01   4.801776E-01   4.801781E-01
   5.714286E-01   7.619048E-01   4.700639E-01   4.700645E-01
   6.190476E-01   7.619048E-01   4.499639E-01   4.499646E-01
   6.666667E-01   7.619048E-01   4.201397E-01   4.201405E-01
   7.142857E-01   7.619048E-01   3.810039E-01   3.810048E-01
   7.619048E-01   7.619048E-01   3.331435E-01   3.331446E-01
   8.095238E-01   7.619048E-01   2.773530E-01   2.773542E-01
   8.571429E-01   7.619048E-01   2.146730E-01   2.146743E-01
   9.047619E-01   7.619048E-01   1.464274E-01   1.464285E-01
   9.523810E-01   7.619048E-01   7.423971E-02   7.424040E-02
   1.000000E+00   7.619048E-01   0.000000E+00   6.105988E-17

   0.000000E+00   8.095238E-01   0.000000E+00   0.000000E+00
   4.761905E-02   8.095238E-01   8.726992E-02   8.727119E-02
   9.523810E-02   8.095238E-01   1.719115E-01   1.719134E-01
   1.428571E-01   8.095238E-01   2.515878E-01   2.515897E-01
   1.904762E-01   8.095238E-01   3.244011E-01   3.244026E-01
   2.380952E-01   8.095238E-01   3.888936E-01   3.888948E-01
   2.857143E-01   8.095238E-01   4.439785E-01   4.439794E-01
   3.333333E-01   8.095238E-01   4.888597E-01   4.888604E-01
   3.809524E-01   8.095238E-01   5.229670E-01   5.229676E-01
   4.285714E-01   8.095238E-01   5.459083E-01   5.459088E-01
   4.761905E-01   8.095238E-01   5.574381E-01   5.574386E-01
   5.238095E-01   8.095238E-01   5.574381E-01   5.574386E-01
   5.714286E-01   8.095238E-01   5.459083E-01   5.459088E-01
   6.190476E-01   8.095238E-01   5.229670E-01   5.229676E-01
   6.666667E-01   8.095238E-01   4.888597E-01   4.888604E-01
   7.142857E-01   8.095238E-01   4.439785E-01   4.439794E-01
   7.619048E-01   8.095238E-01   3.888936E-01   3.888948E-01
   8.095238E-01   8.095238E-01   3.244011E-01   3.244026E-01
   8.571429E-01   8.095238E-01   2.515878E-01   2.515897E-01
   9.047619E-01   8.095238E-01   1.719115E-01   1.719134E-01
   9.523810E-01   8.095238E-01   8.726992E-02   8.727119E-02
   1.000000E+00   8.095238E-01   0.000000E+00   7.181262E-17

   0.000000E+00   8.571429E-01   0.000000E+00   0.000000E+00
   4.761905E-02   8.571429E-01   1.029819E-01   1.029846E-01
   9.523810E-02   8.571429E-01   2.024386E-01   2.024421E-01
   1.428571E-01   8.571429E-01   2.954408E-01   2.954436E-01
   1.904762E-01   8.571429E-01   3.798317E-01   3.798336E-01
   2.380952E-01   8.571429E-01   4.540995E-01   4.541008E-01
   2.857143E-01   8.571429E-01   5.171938E-01   5.171947E-01
   3.333333E-01   8.571429E-01   5.683829E-01   5.683835E-01
   3.809524E-01   8.571429E-01   6.071601E-01   6.071606E-01
   4.285714E-01   8.571429E-01   6.331851E-01   6.331856E-01
   4.761905E-01   8.571429E-01   6.462478E-01   6.462482E-01
   5.238095E-01   8.571429E-01   6.462478E-01   6.462482E-01
   5.714286E-01   8.571429E-01   6.331851E-01   6.331856E-01
   6.190476E-01   8.571429E-01   6.071601E-01   6.071606E-01
   6.666667E-01   8.571429E-01   5.683829E-01   5.683835E-01
   7.142857E-01   8.571429E-01   5.171938E-01   5.171947E-01
   7.619048E-01   8.571429E-01   4.540995E-01   4.541008E-01
   8.095238E-01   8.571429E-01   3.798317E-01   3.798336E-01
   8.571429E-01   8.571429E-01   2.954408E-01   2.954436E-01
   9.047619E-01   8.571429E-01   2.024386E-01   2.024421E-01
   9.523810E-01   8.571429E-01   1.029819E-01   1.029846E-01
   1.000000E+00   8.571429E-01   0.000000E+00   8.482226E-17

   0.000000E+00   9.047619E-01   0.000000E+00   0.000000E+00
   4.761905E-02   9.047619E-01   1.223337E-01   1.223411E-01
   9.523810E-02   9.047619E-01   2.395575E-01   2.395639E-01
   1.428571E-01   9.047619E-01   3.480134E-01   3.480168E-01
   1.904762E-01   9.047619E-01   4.454606E-01   4.454625E-01
   2.380952E-01   9.047619E-01   5.305306E-01   5.305318E-01
   2.857143E-01   9.047619E-01   6.023509E-01   6.023516E-01
   3.333333E-01   9.047619E-01   6.603449E-01   6.603455E-01
   3.809524E-01   9.047619E-01   7.041267E-01   7.041271E-01
   4.285714E-01   9.047619E-01   7.334423E-01   7.334426E-01
   4.761905E-01   9.047619E-01   7.481367E-01   7.481370E-01
   5.238095E-01   9.047619E-01   7.481367E-01   7.481370E-01
   5.714286E-01   9.047619E-01   7.334423E-01   7.334426E-01
   6.190476E-01   9.047619E-01   7.041267E-01   7.041271E-01
   6.666667E-01   9.047619E-01   6.603449E-01   6.603455E-01
   7.142857E-01   9.047619E-01   6.023509E-01   6.023516E-01
   7.619048E-01   9.047619E-01   5.305306E-01   5.305318E-01
   8.095238E-01   9.047619E-01   4.454606E-01   4.454625E-01
   8.571429E-01   9.047619E-01   3.480134E-01   3.480168E-01
   9.047619E-01   9.047619E-01   2.395575E-01   2.395639E-01
   9.523810E-01   9.047619E-01   1.223337E-01   1.223411E-01
   1.000000E+00   9.047619E-01   0.000000E+00   1.009848E-16

   0.000000E+00   9.523810E-01   0.000000E+00   0.000000E+00
   4.761905E-02   9.523810E-01   1.470972E-01   1.471243E-01
   9.523810E-02   9.523810E-01   2.856890E-01   2.856964E-01
   1.428571E-01   9.523810E-01   4.117320E-01   4.117347E-01
   1.904762E-01   9.523810E-01   5.235444E-01   5.235457E-01
   2.380952E-01   9.523810E-01   6.202586E-01   6.202593E-01
   2.857143E-01   9.523810E-01   7.013647E-01   7.013651E-01
   3.333333E-01   9.523810E-01   7.665406E-01   7.665409E-01
   3.809524E-01   9.523810E-01   8.155757E-01   8.155759E-01
   4.285714E-01   9.523810E-01   8.483337E-01   8.483339E-01
   4.761905E-01   9.523810E-01   8.647322E-01   8.647323E-01
   5.238095E-01   9.523810E-01   8.647322E-01   8.647323E-01
   5.714286E-01   9.523810E-01   8.483337E-01   8.483339E-01
   6.190476E-01   9.523810E-01   8.155757E-01   8.155759E-01
   6.666667E-01   9.523810E-01   7.665406E-01   7.665409E-01
   7.142857E-01   9.523810E-01   7.013647E-01   7.013651E-01
   7.619048E-01   9.523810E-01   6.202586E-01   6.202593E-01
   8.095238E-01   9.523810E-01   5.235444E-01   5.235457E-01
   8.571429E-01   9.523810E-01   4.117320E-01   4.117347E-01
   9.047619E-01   9.523810E-01   2.856890E-01   2.856964E-01
   9.523810E-01   9.523810E-01   1.470972E-01   1.471243E-01
   1.000000E+00   9.523810E-01   0.000000E+00   1.222525E-16

   0.000000E+00   1.000000E+00   0.000000E+00   0.000000E+00
   4.761905E-02   1.000000E+00   1.814059E-01   1.814079E-01
   9.523810E-02   1.000000E+00   3.446712E-01   3.446712E-01
   1.428571E-01   1.000000E+00   4.897959E-01   4.897951E-01
   1.904762E-01   1.000000E+00   6.167800E-01   6.167810E-01
   2.380952E-01   1.000000E+00   7.256236E-01   7.256230E-01
   2.857143E-01   1.000000E+00   8.163265E-01   8.163267E-01
   3.333333E-01   1.000000E+00   8.888889E-01   8.888892E-01
   3.809524E-01   1.000000E+00   9.433107E-01   9.433101E-01
   4.285714E-01   1.000000E+00   9.795918E-01   9.795923E-01
   4.761905E-01   1.000000E+00   9.977324E-01   9.977322E-01
   5.238095E-01   1.000000E+00   9.977324E-01   9.977322E-01
   5.714286E-01   1.000000E+00   9.795918E-01   9.795923E-01
   6.190476E-01   1.000000E+00   9.433107E-01   9.433101E-01
   6.666667E-01   1.000000E+00   8.888889E-01   8.888892E-01
   7.142857E-01   1.000000E+00   8.163265E-01   8.163267E-01
   7.619048E-01   1.000000E+00   7.256236E-01   7.256230E-01
   8.095238E-01   1.000000E+00   6.167800E-01   6.167810E-01
   8.571429E-01   1.000000E+00   4.897959E-01   4.897951E-01
   9.047619E-01   1.000000E+00   3.446712E-01   3.446712E-01
   9.523810E-01   1.000000E+00   1.814059E-01   1.814079E-01
   1.000000E+00   1.000000E+00   0.000000E+00   1.571634E-16

